5 10
....KT....
..G....G..
...G..G...
..........
S.........
pacman
50,250 100,250 150,250 200,250 200,200 150,200 100,200 100,150 100,100 100,50 100,50 150,50 200,50 250,50 300,50 
ghost0
150,100 150,150 200,150 200,100 150,100 150,50 150,100 150,150 150,100 150,150 150,200 150,250 150,200 150,250 150,200 
ghost1
400,100 400,50 450,50 400,50 450,50 500,50 500,100 500,150 500,200 500,150 450,150 500,150 450,150 500,150 450,150 
ghost2
200,150 250,150 250,100 250,150 250,200 300,200 250,200 250,150 200,150 250,150 250,200 250,150 250,200 250,250 250,200 
ghost3
350,150 350,100 350,50 300,50 300,100 250,100 250,50 200,50 250,50 300,50 350,50 400,50 350,50 400,50 450,50 
