15 15
SXX...XX..X.K.X
..XXXXX.......X
...X......XX..X
......XTX.XXXXX
..X..X....X....
..XXXX....X...X
..XG...K..X....
..XXX.....XXXXX
...K..XX.....XX
..XX...XX.XXXXX
....XXXXX.....X
..X...XXX.X..XX
..XKG..XXXX...X
..XXX........KX
........K...XXX
pacman
50,50 50,50 50,100 50,150 100,150 100,200 150,200 200,200 250,200 300,200 300,150 350,150 400,150 450,150 500,150 500,100 550,100 600,100 650,100 700,100 700,50 650,50 600,50 600,100 550,100 500,100 450,100 400,100 400,150 400,200 400,250 400,300 400,350 350,350 350,400 350,400 300,400 300,450 250,450 200,450 250,450 300,450 300,400 300,350 350,350 400,350 
ghost0
200,350 250,350 300,350 350,350 400,350 350,350 300,350 300,400 300,450 250,450 300,450 300,400 300,350 350,350 350,300 350,250 350,300 400,300 450,300 450,250 500,250 500,300 500,350 500,300 450,300 450,350 500,350 500,300 500,250 500,200 500,250 450,250 400,250 350,250 350,300 350,350 300,350 300,400 300,350 250,350 300,350 350,350 400,350 400,300 400,350 
ghost1
250,650 200,650 250,650 300,650 300,600 300,650 300,700 350,700 350,650 300,650 250,650 250,600 300,600 300,650 300,700 350,700 350,650 300,650 300,700 300,650 300,600 300,650 300,600 250,600 300,600 250,600 250,650 200,650 200,600 200,550 200,600 250,600 300,600 250,600 200,600 250,600 250,650 300,650 300,700 350,700 350,750 400,750 450,750 400,750 400,700 
