10 10
.........T
XX...XX...
X.........
XXXXXXX...
....XG....
XX..XGX...
....XXX...
XX...XX.K.
S.........
XX...XX...
pacman
50,450 100,450 150,450 200,450 250,450 300,450 350,450 400,450 450,450 450,400 450,350 450,300 450,250 450,200 500,200 500,200 500,250 500,200 500,150 450,150 400,150 350,150 300,150 250,150 200,150 150,150 150,100 150,50 200,50 250,50 300,50 350,50 400,50 450,50 500,50 
ghost0
300,250 300,300 300,250 300,300 300,250 350,250 300,250 350,250 300,250 300,300 300,250 300,300 300,250 300,300 300,250 350,250 300,250 350,250 300,250 300,300 300,250 350,250 400,250 400,200 450,200 500,200 450,200 500,200 500,150 500,200 500,150 450,150 450,200 500,200 450,200 
ghost1
300,300 300,250 350,250 300,250 350,250 300,250 300,300 300,250 300,300 300,250 350,250 300,250 350,250 300,250 350,250 300,250 300,300 300,250 300,300 300,250 350,250 400,250 450,250 500,250 500,300 450,300 500,300 450,300 450,350 450,400 500,400 500,450 450,450 400,450 450,450 
